Time	Node	AppId	SeqNo	Type	DelayS	DelayUS	RetxCount	HopCount
0.044404	Node12	0	0	LastDelay	0.044404	44404	1	3
0.044404	Node12	0	0	FullDelay	0.044404	44404	1	3
0.052964	Node12	0	1	LastDelay	0.052464	52464	1	3
0.052964	Node12	0	1	FullDelay	0.052464	52464	1	3
0.061524	Node12	0	2	LastDelay	0.060524	60524	1	3
0.061524	Node12	0	2	FullDelay	0.060524	60524	1	3
0.070084	Node12	0	3	LastDelay	0.068584	68584	1	3
0.070084	Node12	0	3	FullDelay	0.068584	68584	1	3
0.078644	Node12	0	4	LastDelay	0.076644	76644	1	3
0.078644	Node12	0	4	FullDelay	0.076644	76644	1	3
0.087204	Node12	0	5	LastDelay	0.084704	84704	1	3
0.087204	Node12	0	5	FullDelay	0.084704	84704	1	3
0.095764	Node12	0	6	LastDelay	0.092764	92764	1	3
0.095764	Node12	0	6	FullDelay	0.092764	92764	1	3
0.104324	Node12	0	7	LastDelay	0.100824	100824	1	3
0.104324	Node12	0	7	FullDelay	0.100824	100824	1	3
0.112884	Node12	0	8	LastDelay	0.108884	108884	1	3
0.112884	Node12	0	8	FullDelay	0.108884	108884	1	3
0.121444	Node12	0	9	LastDelay	0.116944	116944	1	3
0.121444	Node12	0	9	FullDelay	0.116944	116944	1	3
0.130004	Node12	0	10	LastDelay	0.125004	125004	1	3
0.130004	Node12	0	10	FullDelay	0.125004	125004	1	3
0.138564	Node12	0	18	LastDelay	0.129564	129564	1	3
0.138564	Node12	0	18	FullDelay	0.129564	129564	1	3
0.147124	Node12	0	35	LastDelay	0.129624	129624	1	3
0.147124	Node12	0	35	FullDelay	0.129624	129624	1	3
0.155684	Node12	0	52	LastDelay	0.129684	129684	1	3
0.155684	Node12	0	52	FullDelay	0.129684	129684	1	3
0.164244	Node12	0	69	LastDelay	0.129744	129744	1	3
0.164244	Node12	0	69	FullDelay	0.129744	129744	1	3
0.172804	Node12	0	86	LastDelay	0.129804	129804	1	3
0.172804	Node12	0	86	FullDelay	0.129804	129804	1	3
0.181364	Node12	0	103	LastDelay	0.129864	129864	1	3
0.181364	Node12	0	103	FullDelay	0.129864	129864	1	3
0.189924	Node12	0	120	LastDelay	0.129924	129924	1	3
0.189924	Node12	0	120	FullDelay	0.129924	129924	1	3
0.198484	Node12	0	137	LastDelay	0.129984	129984	1	3
0.198484	Node12	0	137	FullDelay	0.129984	129984	1	3
0.207044	Node12	0	155	LastDelay	0.129544	129544	1	3
0.207044	Node12	0	155	FullDelay	0.129544	129544	1	3
0.215604	Node12	0	172	LastDelay	0.129604	129604	1	3
0.215604	Node12	0	172	FullDelay	0.129604	129604	1	3
0.224164	Node12	0	189	LastDelay	0.129664	129664	1	3
0.224164	Node12	0	189	FullDelay	0.129664	129664	1	3
0.232724	Node12	0	206	LastDelay	0.129724	129724	1	3
0.232724	Node12	0	206	FullDelay	0.129724	129724	1	3
0.241284	Node12	0	223	LastDelay	0.129784	129784	1	3
0.241284	Node12	0	223	FullDelay	0.129784	129784	1	3
0.249844	Node12	0	240	LastDelay	0.129844	129844	1	3
0.249844	Node12	0	240	FullDelay	0.129844	129844	1	3
0.258428	Node12	0	257	LastDelay	0.129928	129928	1	3
0.258428	Node12	0	257	FullDelay	0.129928	129928	1	3
0.266996	Node12	0	274	LastDelay	0.129996	129996	1	3
0.266996	Node12	0	274	FullDelay	0.129996	129996	1	3
0.275564	Node12	0	291	LastDelay	0.130064	130064	1	3
0.275564	Node12	0	291	FullDelay	0.130064	130064	1	3
0.284132	Node12	0	309	LastDelay	0.129632	129632	1	3
0.284132	Node12	0	309	FullDelay	0.129632	129632	1	3
0.2927	Node12	0	326	LastDelay	0.1297	129700	1	3
0.2927	Node12	0	326	FullDelay	0.1297	129700	1	3
0.301268	Node12	0	343	LastDelay	0.129768	129768	1	3
0.301268	Node12	0	343	FullDelay	0.129768	129768	1	3
0.309836	Node12	0	360	LastDelay	0.129836	129836	1	3
0.309836	Node12	0	360	FullDelay	0.129836	129836	1	3
0.318404	Node12	0	377	LastDelay	0.129904	129904	1	3
0.318404	Node12	0	377	FullDelay	0.129904	129904	1	3
0.326972	Node12	0	394	LastDelay	0.129972	129972	1	3
0.326972	Node12	0	394	FullDelay	0.129972	129972	1	3
0.33554	Node12	0	411	LastDelay	0.13004	130040	1	3
0.33554	Node12	0	411	FullDelay	0.13004	130040	1	3
0.344108	Node12	0	428	LastDelay	0.130108	130108	1	3
0.344108	Node12	0	428	FullDelay	0.130108	130108	1	3
0.352676	Node12	0	446	LastDelay	0.129676	129676	1	3
0.352676	Node12	0	446	FullDelay	0.129676	129676	1	3
0.361244	Node12	0	463	LastDelay	0.129744	129744	1	3
0.361244	Node12	0	463	FullDelay	0.129744	129744	1	3
0.369812	Node12	0	480	LastDelay	0.129812	129812	1	3
0.369812	Node12	0	480	FullDelay	0.129812	129812	1	3
0.37838	Node12	0	497	LastDelay	0.12988	129880	1	3
0.37838	Node12	0	497	FullDelay	0.12988	129880	1	3
0.38694	Node12	0	26	LastDelay	0.12994	129940	1	3
0.38694	Node12	0	26	FullDelay	0.37394	373940	2	3
0.3955	Node12	0	44	LastDelay	0.13	130000	1	3
0.3955	Node12	0	44	FullDelay	0.3735	373500	2	3
0.40406	Node12	0	62	LastDelay	0.13006	130060	1	3
0.40406	Node12	0	62	FullDelay	0.37306	373060	2	3
0.41262	Node12	0	81	LastDelay	0.12962	129620	1	3
0.41262	Node12	0	81	FullDelay	0.37212	372120	2	3
0.42118	Node12	0	99	LastDelay	0.12968	129680	1	3
0.42118	Node12	0	99	FullDelay	0.37168	371680	2	3
0.42974	Node12	0	101	LastDelay	0.12974	129740	1	3
0.42974	Node12	0	101	FullDelay	0.37924	379240	2	3
0.4383	Node12	0	119	LastDelay	0.1298	129800	1	3
0.4383	Node12	0	119	FullDelay	0.3788	378800	2	3
0.44686	Node12	0	138	LastDelay	0.12986	129860	1	3
0.44686	Node12	0	138	FullDelay	0.37786	377860	2	3
0.45542	Node12	0	156	LastDelay	0.12992	129920	1	3
0.45542	Node12	0	156	FullDelay	0.37742	377420	2	3
0.46398	Node12	0	174	LastDelay	0.12998	129980	1	3
0.46398	Node12	0	174	FullDelay	0.37698	376980	2	3
0.47254	Node12	0	193	LastDelay	0.12954	129540	1	3
0.47254	Node12	0	193	FullDelay	0.37604	376040	2	3
0.4811	Node12	0	204	LastDelay	0.1296	129600	1	3
0.4811	Node12	0	204	FullDelay	0.3791	379100	2	3
0.48966	Node12	0	222	LastDelay	0.12966	129660	1	3
0.48966	Node12	0	222	FullDelay	0.37866	378660	2	3
0.49822	Node12	0	241	LastDelay	0.12972	129720	1	3
0.49822	Node12	0	241	FullDelay	0.37772	377720	2	3
0.506788	Node12	0	259	LastDelay	0.129788	129788	1	3
0.506788	Node12	0	259	FullDelay	0.377288	377288	2	3
0.515356	Node12	0	277	LastDelay	0.129856	129856	1	3
0.515356	Node12	0	277	FullDelay	0.376856	376856	2	3
0.523924	Node12	0	295	LastDelay	0.129924	129924	1	3
0.523924	Node12	0	295	FullDelay	0.376424	376424	2	3
0.532492	Node12	0	306	LastDelay	0.129992	129992	1	3
0.532492	Node12	0	306	FullDelay	0.379492	379492	2	3
0.54106	Node12	0	324	LastDelay	0.13006	130060	1	3
0.54106	Node12	0	324	FullDelay	0.37906	379060	2	3
0.549628	Node12	0	344	LastDelay	0.129628	129628	1	3
0.549628	Node12	0	344	FullDelay	0.377628	377628	2	3
0.558196	Node12	0	362	LastDelay	0.129696	129696	1	3
0.558196	Node12	0	362	FullDelay	0.377196	377196	2	3
0.566764	Node12	0	380	LastDelay	0.129764	129764	1	3
0.566764	Node12	0	380	FullDelay	0.376764	376764	2	3
0.575332	Node12	0	398	LastDelay	0.129832	129832	1	3
0.575332	Node12	0	398	FullDelay	0.376332	376332	2	3
0.5839	Node12	0	541	LastDelay	0.1299	129900	1	3
0.5839	Node12	0	541	FullDelay	0.1299	129900	1	3
0.592468	Node12	0	558	LastDelay	0.129968	129968	1	3
0.592468	Node12	0	558	FullDelay	0.129968	129968	1	3
0.601036	Node12	0	575	LastDelay	0.130036	130036	1	3
0.601036	Node12	0	575	FullDelay	0.130036	130036	1	3
0.609604	Node12	0	592	LastDelay	0.130104	130104	1	3
0.609604	Node12	0	592	FullDelay	0.130104	130104	1	3
0.618172	Node12	0	610	LastDelay	0.129672	129672	1	3
0.618172	Node12	0	610	FullDelay	0.129672	129672	1	3
0.62674	Node12	0	627	LastDelay	0.12974	129740	1	3
0.62674	Node12	0	627	FullDelay	0.12974	129740	1	3
0.635308	Node12	0	644	LastDelay	0.129808	129808	1	3
0.635308	Node12	0	644	FullDelay	0.129808	129808	1	3
0.643876	Node12	0	661	LastDelay	0.129876	129876	1	3
0.643876	Node12	0	661	FullDelay	0.129876	129876	1	3
0.652444	Node12	0	678	LastDelay	0.129944	129944	1	3
0.652444	Node12	0	678	FullDelay	0.129944	129944	1	3
0.661012	Node12	0	695	LastDelay	0.130012	130012	1	3
0.661012	Node12	0	695	FullDelay	0.130012	130012	1	3
0.66958	Node12	0	712	LastDelay	0.13008	130080	1	3
0.66958	Node12	0	712	FullDelay	0.13008	130080	1	3
0.678148	Node12	0	730	LastDelay	0.129648	129648	1	3
0.678148	Node12	0	730	FullDelay	0.129648	129648	1	3
0.686716	Node12	0	747	LastDelay	0.129716	129716	1	3
0.686716	Node12	0	747	FullDelay	0.129716	129716	1	3
0.695284	Node12	0	764	LastDelay	0.129784	129784	1	3
0.695284	Node12	0	764	FullDelay	0.129784	129784	1	3
0.703852	Node12	0	781	LastDelay	0.129852	129852	1	3
0.703852	Node12	0	781	FullDelay	0.129852	129852	1	3
0.71242	Node12	0	798	LastDelay	0.12992	129920	1	3
0.71242	Node12	0	798	FullDelay	0.12992	129920	1	3
0.720988	Node12	0	815	LastDelay	0.129988	129988	1	3
0.720988	Node12	0	815	FullDelay	0.129988	129988	1	3
0.729556	Node12	0	832	LastDelay	0.130056	130056	1	3
0.729556	Node12	0	832	FullDelay	0.130056	130056	1	3
0.738116	Node12	0	30	LastDelay	0.129616	129616	1	3
0.738116	Node12	0	30	FullDelay	0.723116	723116	3	3
0.746676	Node12	0	49	LastDelay	0.129676	129676	1	3
0.746676	Node12	0	49	FullDelay	0.722176	722176	3	3
0.755236	Node12	0	68	LastDelay	0.129736	129736	1	3
0.755236	Node12	0	68	FullDelay	0.721236	721236	3	3
0.763796	Node12	0	88	LastDelay	0.129796	129796	1	3
0.763796	Node12	0	88	FullDelay	0.719796	719796	3	3
0.772356	Node12	0	108	LastDelay	0.129856	129856	1	3
0.772356	Node12	0	108	FullDelay	0.718356	718356	3	3
0.780916	Node12	0	127	LastDelay	0.129916	129916	1	3
0.780916	Node12	0	127	FullDelay	0.717416	717416	3	3
0.789476	Node12	0	146	LastDelay	0.129976	129976	1	3
0.789476	Node12	0	146	FullDelay	0.716476	716476	3	3
0.798036	Node12	0	165	LastDelay	0.130036	130036	1	3
0.798036	Node12	0	165	FullDelay	0.715536	715536	3	3
0.806596	Node12	0	185	LastDelay	0.129596	129596	1	3
0.806596	Node12	0	185	FullDelay	0.714096	714096	3	3
0.815156	Node12	0	205	LastDelay	0.129656	129656	1	3
0.815156	Node12	0	205	FullDelay	0.712656	712656	3	3
0.823716	Node12	0	225	LastDelay	0.129716	129716	1	3
0.823716	Node12	0	225	FullDelay	0.711216	711216	3	3
0.832276	Node12	0	244	LastDelay	0.129776	129776	1	3
0.832276	Node12	0	244	FullDelay	0.710276	710276	3	3
0.840844	Node12	0	263	LastDelay	0.129844	129844	1	3
0.840844	Node12	0	263	FullDelay	0.709344	709344	3	3
0.849412	Node12	0	282	LastDelay	0.129912	129912	1	3
0.849412	Node12	0	282	FullDelay	0.708412	708412	3	3
0.85798	Node12	0	301	LastDelay	0.12998	129980	1	3
0.85798	Node12	0	301	FullDelay	0.70748	707480	3	3
0.866548	Node12	0	320	LastDelay	0.130048	130048	1	3
0.866548	Node12	0	320	FullDelay	0.706548	706548	3	3
0.875116	Node12	0	340	LastDelay	0.129616	129616	1	3
0.875116	Node12	0	340	FullDelay	0.705116	705116	3	3
0.883684	Node12	0	359	LastDelay	0.129684	129684	1	3
0.883684	Node12	0	359	FullDelay	0.704184	704184	3	3
0.892252	Node12	0	379	LastDelay	0.129752	129752	1	3
0.892252	Node12	0	379	FullDelay	0.702752	702752	3	3
0.90082	Node12	0	399	LastDelay	0.12982	129820	1	3
0.90082	Node12	0	399	FullDelay	0.70132	701320	3	3
0.909388	Node12	0	417	LastDelay	0.129888	129888	1	3
0.909388	Node12	0	417	FullDelay	0.700888	700888	2	3
0.917956	Node12	0	435	LastDelay	0.129956	129956	1	3
0.917956	Node12	0	435	FullDelay	0.700456	700456	2	3
0.926524	Node12	0	453	LastDelay	0.130024	130024	1	3
0.926524	Node12	0	453	FullDelay	0.700024	700024	2	3
0.935092	Node12	0	471	LastDelay	0.130092	130092	1	3
0.935092	Node12	0	471	FullDelay	0.699592	699592	2	3
0.94366	Node12	0	490	LastDelay	0.12966	129660	1	3
0.94366	Node12	0	490	FullDelay	0.69866	698660	2	3
0.952228	Node12	0	508	LastDelay	0.129728	129728	1	3
0.952228	Node12	0	508	FullDelay	0.655728	655728	2	3
0.960796	Node12	0	525	LastDelay	0.129796	129796	1	3
0.960796	Node12	0	525	FullDelay	0.561796	561796	2	3
0.969364	Node12	0	543	LastDelay	0.129864	129864	1	3
0.969364	Node12	0	543	FullDelay	0.514364	514364	2	3
0.977932	Node12	0	561	LastDelay	0.129932	129932	1	3
0.977932	Node12	0	561	FullDelay	0.513932	513932	2	3
0.9865	Node12	0	579	LastDelay	0.13	130000	1	3
0.9865	Node12	0	579	FullDelay	0.5135	513500	2	3
0.995068	Node12	0	597	LastDelay	0.130068	130068	1	3
0.995068	Node12	0	597	FullDelay	0.513068	513068	2	3
1.00364	Node12	0	616	LastDelay	0.129636	129636	1	3
1.00364	Node12	0	616	FullDelay	0.512136	512136	2	3
1.0122	Node12	0	634	LastDelay	0.129704	129704	1	3
1.0122	Node12	0	634	FullDelay	0.511704	511704	2	3
1.02077	Node12	0	652	LastDelay	0.129772	129772	1	3
1.02077	Node12	0	652	FullDelay	0.511272	511272	2	3
1.02934	Node12	0	670	LastDelay	0.12984	129840	1	3
1.02934	Node12	0	670	FullDelay	0.51084	510840	2	3
1.03791	Node12	0	688	LastDelay	0.129908	129908	1	3
1.03791	Node12	0	688	FullDelay	0.510408	510408	2	3
1.04648	Node12	0	706	LastDelay	0.129976	129976	1	3
1.04648	Node12	0	706	FullDelay	0.509976	509976	2	3
1.05504	Node12	0	724	LastDelay	0.130044	130044	1	3
1.05504	Node12	0	724	FullDelay	0.509544	509544	2	3
1.06361	Node12	0	841	LastDelay	0.130112	130112	1	3
1.06361	Node12	0	841	FullDelay	0.130112	130112	1	3
1.07218	Node12	0	859	LastDelay	0.12968	129680	1	3
1.07218	Node12	0	859	FullDelay	0.12968	129680	1	3
1.08075	Node12	0	876	LastDelay	0.129748	129748	1	3
1.08075	Node12	0	876	FullDelay	0.129748	129748	1	3
1.08932	Node12	0	893	LastDelay	0.129816	129816	1	3
1.08932	Node12	0	893	FullDelay	0.129816	129816	1	3
1.09788	Node12	0	910	LastDelay	0.129884	129884	1	3
1.09788	Node12	0	910	FullDelay	0.129884	129884	1	3
1.10645	Node12	0	927	LastDelay	0.129952	129952	1	3
1.10645	Node12	0	927	FullDelay	0.129952	129952	1	3
1.11502	Node12	0	944	LastDelay	0.13002	130020	1	3
1.11502	Node12	0	944	FullDelay	0.13002	130020	1	3
1.12359	Node12	0	961	LastDelay	0.130088	130088	1	3
1.12359	Node12	0	961	FullDelay	0.130088	130088	1	3
1.13216	Node12	0	979	LastDelay	0.129656	129656	1	3
1.13216	Node12	0	979	FullDelay	0.129656	129656	1	3
1.14072	Node12	0	996	LastDelay	0.129724	129724	1	3
1.14072	Node12	0	996	FullDelay	0.129724	129724	1	3
1.14929	Node12	0	1013	LastDelay	0.129792	129792	1	3
1.14929	Node12	0	1013	FullDelay	0.129792	129792	1	3
1.15786	Node12	0	1030	LastDelay	0.12986	129860	1	3
1.15786	Node12	0	1030	FullDelay	0.12986	129860	1	3
1.16643	Node12	0	1047	LastDelay	0.129928	129928	1	3
1.16643	Node12	0	1047	FullDelay	0.129928	129928	1	3
1.175	Node12	0	1064	LastDelay	0.129996	129996	1	3
1.175	Node12	0	1064	FullDelay	0.129996	129996	1	3
1.18356	Node12	0	1081	LastDelay	0.130064	130064	1	3
1.18356	Node12	0	1081	FullDelay	0.130064	130064	1	3
1.19213	Node12	0	1098	LastDelay	0.130132	130132	1	3
1.19213	Node12	0	1098	FullDelay	0.130132	130132	1	3
1.2007	Node12	0	1116	LastDelay	0.1297	129700	1	3
1.2007	Node12	0	1116	FullDelay	0.1297	129700	1	3
1.20927	Node12	0	1133	LastDelay	0.129768	129768	1	3
1.20927	Node12	0	1133	FullDelay	0.129768	129768	1	3
1.21784	Node12	0	1150	LastDelay	0.129836	129836	1	3
1.21784	Node12	0	1150	FullDelay	0.129836	129836	1	3
1.2264	Node12	0	1167	LastDelay	0.129904	129904	1	3
1.2264	Node12	0	1167	FullDelay	0.129904	129904	1	3
1.23496	Node12	0	22	LastDelay	0.129964	129964	1	3
1.23496	Node12	0	22	FullDelay	1.22396	1.22396e+06	4	3
1.24352	Node12	0	42	LastDelay	0.130024	130024	1	3
1.24352	Node12	0	42	FullDelay	1.22252	1.22252e+06	4	3
1.25208	Node12	0	63	LastDelay	0.130084	130084	1	3
1.25208	Node12	0	63	FullDelay	1.22058	1.22058e+06	4	3
1.26064	Node12	0	84	LastDelay	0.129644	129644	1	3
1.26064	Node12	0	84	FullDelay	1.21864	1.21864e+06	4	3
1.2692	Node12	0	106	LastDelay	0.129704	129704	1	3
1.2692	Node12	0	106	FullDelay	1.2162	1.2162e+06	4	3
1.27776	Node12	0	126	LastDelay	0.129764	129764	1	3
1.27776	Node12	0	126	FullDelay	1.21476	1.21476e+06	4	3
1.28632	Node12	0	147	LastDelay	0.129824	129824	1	3
1.28632	Node12	0	147	FullDelay	1.21282	1.21282e+06	4	3
1.29488	Node12	0	167	LastDelay	0.129884	129884	1	3
1.29488	Node12	0	167	FullDelay	1.21138	1.21138e+06	4	3
1.30344	Node12	0	187	LastDelay	0.129944	129944	1	3
1.30344	Node12	0	187	FullDelay	1.20994	1.20994e+06	4	3
1.312	Node12	0	209	LastDelay	0.130004	130004	1	3
1.312	Node12	0	209	FullDelay	1.2075	1.2075e+06	4	3
1.32056	Node12	0	230	LastDelay	0.129564	129564	1	3
1.32056	Node12	0	230	FullDelay	1.20556	1.20556e+06	4	3
1.32912	Node12	0	250	LastDelay	0.129624	129624	1	3
1.32912	Node12	0	250	FullDelay	1.20412	1.20412e+06	4	3
1.33769	Node12	0	270	LastDelay	0.129692	129692	1	3
1.33769	Node12	0	270	FullDelay	1.20269	1.20269e+06	4	3
1.34626	Node12	0	290	LastDelay	0.12976	129760	1	3
1.34626	Node12	0	290	FullDelay	1.20126	1.20126e+06	4	3
1.35483	Node12	0	312	LastDelay	0.129828	129828	1	3
1.35483	Node12	0	312	FullDelay	1.19883	1.19883e+06	4	3
1.3634	Node12	0	332	LastDelay	0.129896	129896	1	3
1.3634	Node12	0	332	FullDelay	1.1974	1.1974e+06	4	3
1.37196	Node12	0	352	LastDelay	0.129964	129964	1	3
1.37196	Node12	0	352	FullDelay	1.19596	1.19596e+06	4	3
1.38053	Node12	0	372	LastDelay	0.130032	130032	1	3
1.38053	Node12	0	372	FullDelay	1.19453	1.19453e+06	4	3
1.3891	Node12	0	392	LastDelay	0.1301	130100	1	3
1.3891	Node12	0	392	FullDelay	1.1931	1.1931e+06	4	3
1.39767	Node12	0	414	LastDelay	0.129668	129668	1	3
1.39767	Node12	0	414	FullDelay	1.19067	1.19067e+06	3	3
1.40624	Node12	0	433	LastDelay	0.129736	129736	1	3
1.40624	Node12	0	433	FullDelay	1.18974	1.18974e+06	3	3
1.4148	Node12	0	452	LastDelay	0.129804	129804	1	3
1.4148	Node12	0	452	FullDelay	1.1888	1.1888e+06	3	3
1.42337	Node12	0	472	LastDelay	0.129872	129872	1	3
1.42337	Node12	0	472	FullDelay	1.18737	1.18737e+06	3	3
1.43194	Node12	0	491	LastDelay	0.12994	129940	1	3
1.43194	Node12	0	491	FullDelay	1.18644	1.18644e+06	3	3
1.44051	Node12	0	510	LastDelay	0.130008	130008	1	3
1.44051	Node12	0	510	FullDelay	1.14301	1.14301e+06	3	3
1.44908	Node12	0	528	LastDelay	0.130076	130076	1	3
1.44908	Node12	0	528	FullDelay	1.00158	1.00158e+06	3	3
1.45764	Node12	0	548	LastDelay	0.129644	129644	1	3
1.45764	Node12	0	548	FullDelay	1.00014	1.00014e+06	3	3
1.46621	Node12	0	567	LastDelay	0.129712	129712	1	3
1.46621	Node12	0	567	FullDelay	0.999212	999212	3	3
1.47478	Node12	0	586	LastDelay	0.12978	129780	1	3
1.47478	Node12	0	586	FullDelay	0.99828	998280	3	3
1.48335	Node12	0	605	LastDelay	0.129848	129848	1	3
1.48335	Node12	0	605	FullDelay	0.997348	997348	3	3
1.49192	Node12	0	624	LastDelay	0.129916	129916	1	3
1.49192	Node12	0	624	FullDelay	0.996416	996416	3	3
1.50048	Node12	0	643	LastDelay	0.129984	129984	1	3
1.50048	Node12	0	643	FullDelay	0.995484	995484	3	3
1.50905	Node12	0	663	LastDelay	0.130052	130052	1	3
1.50905	Node12	0	663	FullDelay	0.994052	994052	3	3
1.51762	Node12	0	682	LastDelay	0.13012	130120	1	3
1.51762	Node12	0	682	FullDelay	0.99312	993120	3	3
1.52619	Node12	0	702	LastDelay	0.129688	129688	1	3
1.52619	Node12	0	702	FullDelay	0.991688	991688	3	3
1.53476	Node12	0	721	LastDelay	0.129756	129756	1	3
1.53476	Node12	0	721	FullDelay	0.990756	990756	3	3
1.54332	Node12	0	740	LastDelay	0.129824	129824	1	3
1.54332	Node12	0	740	FullDelay	0.989824	989824	2	3
1.55189	Node12	0	758	LastDelay	0.129892	129892	1	3
1.55189	Node12	0	758	FullDelay	0.989392	989392	2	3
1.56046	Node12	0	776	LastDelay	0.12996	129960	1	3
1.56046	Node12	0	776	FullDelay	0.98896	988960	2	3
1.56903	Node12	0	794	LastDelay	0.130028	130028	1	3
1.56903	Node12	0	794	FullDelay	0.988528	988528	2	3
1.5776	Node12	0	812	LastDelay	0.130096	130096	1	3
1.5776	Node12	0	812	FullDelay	0.988096	988096	2	3
1.58616	Node12	0	831	LastDelay	0.129664	129664	1	3
1.58616	Node12	0	831	FullDelay	0.987164	987164	2	3
1.59473	Node12	0	850	LastDelay	0.129732	129732	1	3
1.59473	Node12	0	850	FullDelay	0.656732	656732	2	3
1.6033	Node12	0	868	LastDelay	0.1298	129800	1	3
1.6033	Node12	0	868	FullDelay	0.6563	656300	2	3
1.61187	Node12	0	886	LastDelay	0.129868	129868	1	3
1.61187	Node12	0	886	FullDelay	0.655868	655868	2	3
1.62044	Node12	0	904	LastDelay	0.129936	129936	1	3
1.62044	Node12	0	904	FullDelay	0.655436	655436	2	3
1.629	Node12	0	922	LastDelay	0.130004	130004	1	3
1.629	Node12	0	922	FullDelay	0.655004	655004	2	3
1.63757	Node12	0	940	LastDelay	0.130072	130072	1	3
1.63757	Node12	0	940	FullDelay	0.654572	654572	2	3
1.64614	Node12	0	959	LastDelay	0.12964	129640	1	3
1.64614	Node12	0	959	FullDelay	0.65364	653640	2	3
1.65471	Node12	0	977	LastDelay	0.129708	129708	1	3
1.65471	Node12	0	977	FullDelay	0.653208	653208	2	3
1.66328	Node12	0	995	LastDelay	0.129776	129776	1	3
1.66328	Node12	0	995	FullDelay	0.652776	652776	2	3
1.67184	Node12	0	1014	LastDelay	0.129844	129844	1	3
1.67184	Node12	0	1014	FullDelay	0.651844	651844	2	3
1.68041	Node12	0	1032	LastDelay	0.129912	129912	1	3
1.68041	Node12	0	1032	FullDelay	0.651412	651412	2	3
1.68898	Node12	0	1050	LastDelay	0.12998	129980	1	3
1.68898	Node12	0	1050	FullDelay	0.65098	650980	2	3
1.69755	Node12	0	1068	LastDelay	0.130048	130048	1	3
1.69755	Node12	0	1068	FullDelay	0.650548	650548	2	3
1.70612	Node12	0	1184	LastDelay	0.130116	130116	1	3
1.70612	Node12	0	1184	FullDelay	0.130116	130116	1	3
1.71468	Node12	0	1202	LastDelay	0.129684	129684	1	3
1.71468	Node12	0	1202	FullDelay	0.129684	129684	1	3
1.72325	Node12	0	1219	LastDelay	0.129752	129752	1	3
1.72325	Node12	0	1219	FullDelay	0.129752	129752	1	3
1.73182	Node12	0	1236	LastDelay	0.12982	129820	1	3
1.73182	Node12	0	1236	FullDelay	0.12982	129820	1	3
1.74039	Node12	0	1253	LastDelay	0.129888	129888	1	3
1.74039	Node12	0	1253	FullDelay	0.129888	129888	1	3
1.74896	Node12	0	1270	LastDelay	0.129956	129956	1	3
1.74896	Node12	0	1270	FullDelay	0.129956	129956	1	3
1.75752	Node12	0	1287	LastDelay	0.130024	130024	1	3
1.75752	Node12	0	1287	FullDelay	0.130024	130024	1	3
1.76609	Node12	0	1304	LastDelay	0.130092	130092	1	3
1.76609	Node12	0	1304	FullDelay	0.130092	130092	1	3
1.77466	Node12	0	1322	LastDelay	0.12966	129660	1	3
1.77466	Node12	0	1322	FullDelay	0.12966	129660	1	3
1.78323	Node12	0	1339	LastDelay	0.129728	129728	1	3
1.78323	Node12	0	1339	FullDelay	0.129728	129728	1	3
1.7918	Node12	0	1356	LastDelay	0.129796	129796	1	3
1.7918	Node12	0	1356	FullDelay	0.129796	129796	1	3
1.80036	Node12	0	1373	LastDelay	0.129864	129864	1	3
1.80036	Node12	0	1373	FullDelay	0.129864	129864	1	3
1.80893	Node12	0	1390	LastDelay	0.129932	129932	1	3
1.80893	Node12	0	1390	FullDelay	0.129932	129932	1	3
1.8175	Node12	0	1407	LastDelay	0.13	130000	1	3
1.8175	Node12	0	1407	FullDelay	0.13	130000	1	3
1.82607	Node12	0	1424	LastDelay	0.130068	130068	1	3
1.82607	Node12	0	1424	FullDelay	0.130068	130068	1	3
1.83464	Node12	0	1442	LastDelay	0.129636	129636	1	3
1.83464	Node12	0	1442	FullDelay	0.129636	129636	1	3
1.8432	Node12	0	1459	LastDelay	0.129704	129704	1	3
1.8432	Node12	0	1459	FullDelay	0.129704	129704	1	3
1.85177	Node12	0	1476	LastDelay	0.129772	129772	1	3
1.85177	Node12	0	1476	FullDelay	0.129772	129772	1	3
1.86034	Node12	0	1493	LastDelay	0.12984	129840	1	3
1.86034	Node12	0	1493	FullDelay	0.12984	129840	1	3
1.86891	Node12	0	1510	LastDelay	0.129908	129908	1	3
1.86891	Node12	0	1510	FullDelay	0.129908	129908	1	3
1.87748	Node12	0	1527	LastDelay	0.129976	129976	1	3
1.87748	Node12	0	1527	FullDelay	0.129976	129976	1	3
1.88604	Node12	0	25	LastDelay	0.130036	130036	1	3
1.88604	Node12	0	25	FullDelay	1.87354	1.87354e+06	5	3
1.8946	Node12	0	48	LastDelay	0.129596	129596	1	3
1.8946	Node12	0	48	FullDelay	1.8706	1.8706e+06	5	3
1.90316	Node12	0	71	LastDelay	0.129656	129656	1	3
1.90316	Node12	0	71	FullDelay	1.86766	1.86766e+06	5	3
1.91172	Node12	0	92	LastDelay	0.129716	129716	1	3
1.91172	Node12	0	92	FullDelay	1.86572	1.86572e+06	5	3
1.92028	Node12	0	114	LastDelay	0.129776	129776	1	3
1.92028	Node12	0	114	FullDelay	1.86328	1.86328e+06	5	3
1.92884	Node12	0	135	LastDelay	0.129836	129836	1	3
1.92884	Node12	0	135	FullDelay	1.86134	1.86134e+06	5	3
1.9374	Node12	0	158	LastDelay	0.129896	129896	1	3
1.9374	Node12	0	158	FullDelay	1.8584	1.8584e+06	5	3
1.94596	Node12	0	179	LastDelay	0.129956	129956	1	3
1.94596	Node12	0	179	FullDelay	1.85646	1.85646e+06	5	3
1.95452	Node12	0	200	LastDelay	0.130016	130016	1	3
1.95452	Node12	0	200	FullDelay	1.85452	1.85452e+06	5	3
1.96308	Node12	0	224	LastDelay	0.129576	129576	1	3
1.96308	Node12	0	224	FullDelay	1.85108	1.85108e+06	5	3
1.97164	Node12	0	246	LastDelay	0.129636	129636	1	3
1.97164	Node12	0	246	FullDelay	1.84864	1.84864e+06	5	3
1.9802	Node12	0	267	LastDelay	0.129704	129704	1	3
1.9802	Node12	0	267	FullDelay	1.8467	1.8467e+06	5	3
1.98877	Node12	0	288	LastDelay	0.129772	129772	1	3
1.98877	Node12	0	288	FullDelay	1.84477	1.84477e+06	5	3
1.99734	Node12	0	311	LastDelay	0.12984	129840	1	3
1.99734	Node12	0	311	FullDelay	1.84184	1.84184e+06	5	3
2.00591	Node12	0	333	LastDelay	0.129908	129908	1	3
2.00591	Node12	0	333	FullDelay	1.83941	1.83941e+06	5	3
2.01448	Node12	0	354	LastDelay	0.129976	129976	1	3
2.01448	Node12	0	354	FullDelay	1.83748	1.83748e+06	5	3
2.02304	Node12	0	375	LastDelay	0.130044	130044	1	3
2.02304	Node12	0	375	FullDelay	1.83554	1.83554e+06	5	3
2.03161	Node12	0	400	LastDelay	0.129612	129612	1	3
2.03161	Node12	0	400	FullDelay	1.83161	1.83161e+06	5	3
2.04018	Node12	0	420	LastDelay	0.12968	129680	1	3
2.04018	Node12	0	420	FullDelay	1.83018	1.83018e+06	4	3
2.04875	Node12	0	440	LastDelay	0.129748	129748	1	3
2.04875	Node12	0	440	FullDelay	1.82875	1.82875e+06	4	3
2.05732	Node12	0	460	LastDelay	0.129816	129816	1	3
2.05732	Node12	0	460	FullDelay	1.82732	1.82732e+06	4	3
2.06588	Node12	0	481	LastDelay	0.129884	129884	1	3
2.06588	Node12	0	481	FullDelay	1.82538	1.82538e+06	4	3
2.07445	Node12	0	501	LastDelay	0.129952	129952	1	3
2.07445	Node12	0	501	FullDelay	1.78145	1.78145e+06	4	3
2.08302	Node12	0	520	LastDelay	0.13002	130020	1	3
2.08302	Node12	0	520	FullDelay	1.73352	1.73352e+06	4	3
2.09159	Node12	0	539	LastDelay	0.130088	130088	1	3
2.09159	Node12	0	539	FullDelay	1.63859	1.63859e+06	4	3
2.10016	Node12	0	562	LastDelay	0.129656	129656	1	3
2.10016	Node12	0	562	FullDelay	1.63566	1.63566e+06	4	3
2.10872	Node12	0	582	LastDelay	0.129724	129724	1	3
2.10872	Node12	0	582	FullDelay	1.63422	1.63422e+06	4	3
2.11729	Node12	0	602	LastDelay	0.129792	129792	1	3
2.11729	Node12	0	602	FullDelay	1.63279	1.63279e+06	4	3
2.12586	Node12	0	622	LastDelay	0.12986	129860	1	3
2.12586	Node12	0	622	FullDelay	1.63136	1.63136e+06	4	3
2.13443	Node12	0	642	LastDelay	0.129928	129928	1	3
2.13443	Node12	0	642	FullDelay	1.62993	1.62993e+06	4	3
2.143	Node12	0	664	LastDelay	0.129996	129996	1	3
2.143	Node12	0	664	FullDelay	1.6275	1.6275e+06	4	3
2.15156	Node12	0	684	LastDelay	0.130064	130064	1	3
2.15156	Node12	0	684	FullDelay	1.62606	1.62606e+06	4	3
2.16013	Node12	0	704	LastDelay	0.130132	130132	1	3
2.16013	Node12	0	704	FullDelay	1.62463	1.62463e+06	4	3
2.1687	Node12	0	726	LastDelay	0.1297	129700	1	3
2.1687	Node12	0	726	FullDelay	1.6222	1.6222e+06	4	3
2.17727	Node12	0	745	LastDelay	0.129768	129768	1	3
2.17727	Node12	0	745	FullDelay	1.62127	1.62127e+06	3	3
2.18584	Node12	0	765	LastDelay	0.129836	129836	1	3
2.18584	Node12	0	765	FullDelay	1.61984	1.61984e+06	3	3
2.1944	Node12	0	784	LastDelay	0.129904	129904	1	3
2.1944	Node12	0	784	FullDelay	1.6189	1.6189e+06	3	3
2.20297	Node12	0	803	LastDelay	0.129972	129972	1	3
2.20297	Node12	0	803	FullDelay	1.61797	1.61797e+06	3	3
2.21154	Node12	0	822	LastDelay	0.13004	130040	1	3
2.21154	Node12	0	822	FullDelay	1.61704	1.61704e+06	3	3
2.22011	Node12	0	842	LastDelay	0.130108	130108	1	3
2.22011	Node12	0	842	FullDelay	1.28611	1.28611e+06	3	3
2.22868	Node12	0	862	LastDelay	0.129676	129676	1	3
2.22868	Node12	0	862	FullDelay	1.28468	1.28468e+06	3	3
2.23724	Node12	0	881	LastDelay	0.129744	129744	1	3
2.23724	Node12	0	881	FullDelay	1.28374	1.28374e+06	3	3
2.24581	Node12	0	900	LastDelay	0.129812	129812	1	3
2.24581	Node12	0	900	FullDelay	1.28281	1.28281e+06	3	3
2.25438	Node12	0	919	LastDelay	0.12988	129880	1	3
2.25438	Node12	0	919	FullDelay	1.28188	1.28188e+06	3	3
2.26295	Node12	0	938	LastDelay	0.129948	129948	1	3
2.26295	Node12	0	938	FullDelay	1.28095	1.28095e+06	3	3
2.27152	Node12	0	957	LastDelay	0.130016	130016	1	3
2.27152	Node12	0	957	FullDelay	1.28002	1.28002e+06	3	3
2.28008	Node12	0	976	LastDelay	0.130084	130084	1	3
2.28008	Node12	0	976	FullDelay	1.27908	1.27908e+06	3	3
2.28865	Node12	0	998	LastDelay	0.129652	129652	1	3
2.28865	Node12	0	998	FullDelay	1.27665	1.27665e+06	3	3
2.29722	Node12	0	1017	LastDelay	0.12972	129720	1	3
2.29722	Node12	0	1017	FullDelay	1.27572	1.27572e+06	3	3
2.30579	Node12	0	1036	LastDelay	0.129788	129788	1	3
2.30579	Node12	0	1036	FullDelay	1.27479	1.27479e+06	3	3
2.31436	Node12	0	1055	LastDelay	0.129856	129856	1	3
2.31436	Node12	0	1055	FullDelay	1.27386	1.27386e+06	3	3
2.32292	Node12	0	1074	LastDelay	0.129924	129924	1	3
2.32292	Node12	0	1074	FullDelay	1.27292	1.27292e+06	3	3
2.33149	Node12	0	1092	LastDelay	0.129992	129992	1	3
2.33149	Node12	0	1092	FullDelay	1.27249	1.27249e+06	2	3
2.34006	Node12	0	1110	LastDelay	0.13006	130060	1	3
2.34006	Node12	0	1110	FullDelay	1.27206	1.27206e+06	2	3
2.34863	Node12	0	1128	LastDelay	0.130128	130128	1	3
2.34863	Node12	0	1128	FullDelay	1.27163	1.27163e+06	2	3
2.3572	Node12	0	1147	LastDelay	0.129696	129696	1	3
2.3572	Node12	0	1147	FullDelay	1.2707	1.2707e+06	2	3
2.36576	Node12	0	1165	LastDelay	0.129764	129764	1	3
2.36576	Node12	0	1165	FullDelay	1.27026	1.27026e+06	2	3
2.37433	Node12	0	1183	LastDelay	0.129832	129832	1	3
2.37433	Node12	0	1183	FullDelay	0.798832	798832	2	3
2.3829	Node12	0	1201	LastDelay	0.1299	129900	1	3
2.3829	Node12	0	1201	FullDelay	0.7984	798400	2	3
2.39147	Node12	0	1220	LastDelay	0.129968	129968	1	3
2.39147	Node12	0	1220	FullDelay	0.797468	797468	2	3
2.40004	Node12	0	1238	LastDelay	0.130036	130036	1	3
2.40004	Node12	0	1238	FullDelay	0.797036	797036	2	3
2.4086	Node12	0	1256	LastDelay	0.130104	130104	1	3
2.4086	Node12	0	1256	FullDelay	0.796604	796604	2	3
2.41717	Node12	0	1275	LastDelay	0.129672	129672	1	3
2.41717	Node12	0	1275	FullDelay	0.795672	795672	2	3
2.42574	Node12	0	1293	LastDelay	0.12974	129740	1	3
2.42574	Node12	0	1293	FullDelay	0.79524	795240	2	3
2.43431	Node12	0	1311	LastDelay	0.129808	129808	1	3
2.43431	Node12	0	1311	FullDelay	0.794808	794808	2	3
2.44288	Node12	0	1329	LastDelay	0.129876	129876	1	3
2.44288	Node12	0	1329	FullDelay	0.794376	794376	2	3
2.45144	Node12	0	1347	LastDelay	0.129944	129944	1	3
2.45144	Node12	0	1347	FullDelay	0.793944	793944	2	3
2.46001	Node12	0	1365	LastDelay	0.130012	130012	1	3
2.46001	Node12	0	1365	FullDelay	0.793512	793512	2	3
2.46858	Node12	0	1383	LastDelay	0.13008	130080	1	3
2.46858	Node12	0	1383	FullDelay	0.79308	793080	2	3
2.47715	Node12	0	1402	LastDelay	0.129648	129648	1	3
2.47715	Node12	0	1402	FullDelay	0.792148	792148	2	3
2.48572	Node12	0	1420	LastDelay	0.129716	129716	1	3
2.48572	Node12	0	1420	FullDelay	0.791716	791716	2	3
2.49428	Node12	0	1537	LastDelay	0.129784	129784	1	3
2.49428	Node12	0	1537	FullDelay	0.129784	129784	1	3
2.50285	Node12	0	1554	LastDelay	0.129852	129852	1	3
2.50285	Node12	0	1554	FullDelay	0.129852	129852	1	3
2.51142	Node12	0	1571	LastDelay	0.12992	129920	1	3
2.51142	Node12	0	1571	FullDelay	0.12992	129920	1	3
2.51999	Node12	0	1588	LastDelay	0.129988	129988	1	3
2.51999	Node12	0	1588	FullDelay	0.129988	129988	1	3
2.52856	Node12	0	1605	LastDelay	0.130056	130056	1	3
2.52856	Node12	0	1605	FullDelay	0.130056	130056	1	3
2.53712	Node12	0	1622	LastDelay	0.130124	130124	1	3
2.53712	Node12	0	1622	FullDelay	0.130124	130124	1	3
2.54569	Node12	0	1640	LastDelay	0.129692	129692	1	3
2.54569	Node12	0	1640	FullDelay	0.129692	129692	1	3
2.55426	Node12	0	1657	LastDelay	0.12976	129760	1	3
2.55426	Node12	0	1657	FullDelay	0.12976	129760	1	3
2.56283	Node12	0	1674	LastDelay	0.129828	129828	1	3
2.56283	Node12	0	1674	FullDelay	0.129828	129828	1	3
2.5714	Node12	0	1691	LastDelay	0.129896	129896	1	3
2.5714	Node12	0	1691	FullDelay	0.129896	129896	1	3
2.57996	Node12	0	1708	LastDelay	0.129964	129964	1	3
2.57996	Node12	0	1708	FullDelay	0.129964	129964	1	3
2.58853	Node12	0	1725	LastDelay	0.130032	130032	1	3
2.58853	Node12	0	1725	FullDelay	0.130032	130032	1	3
2.5971	Node12	0	1742	LastDelay	0.1301	130100	1	3
2.5971	Node12	0	1742	FullDelay	0.1301	130100	1	3
2.60567	Node12	0	1760	LastDelay	0.129668	129668	1	3
2.60567	Node12	0	1760	FullDelay	0.129668	129668	1	3
2.61424	Node12	0	1777	LastDelay	0.129736	129736	1	3
2.61424	Node12	0	1777	FullDelay	0.129736	129736	1	3
2.6228	Node12	0	1794	LastDelay	0.129804	129804	1	3
2.6228	Node12	0	1794	FullDelay	0.129804	129804	1	3
2.63136	Node12	0	14	LastDelay	0.129864	129864	1	3
2.63136	Node12	0	14	FullDelay	2.62436	2.62436e+06	6	3
2.63992	Node12	0	37	LastDelay	0.129924	129924	1	3
2.63992	Node12	0	37	FullDelay	2.62142	2.62142e+06	6	3
2.64848	Node12	0	59	LastDelay	0.129984	129984	1	3
2.64848	Node12	0	59	FullDelay	2.61898	2.61898e+06	6	3
2.65704	Node12	0	82	LastDelay	0.130044	130044	1	3
2.65704	Node12	0	82	FullDelay	2.61604	2.61604e+06	6	3
2.6656	Node12	0	109	LastDelay	0.129604	129604	1	3
2.6656	Node12	0	109	FullDelay	2.6111	2.6111e+06	6	3
2.67416	Node12	0	131	LastDelay	0.129664	129664	1	3
2.67416	Node12	0	131	FullDelay	2.60866	2.60866e+06	6	3
2.68272	Node12	0	153	LastDelay	0.129724	129724	1	3
2.68272	Node12	0	153	FullDelay	2.60622	2.60622e+06	6	3
2.69128	Node12	0	177	LastDelay	0.129784	129784	1	3
2.69128	Node12	0	177	FullDelay	2.60278	2.60278e+06	6	3
2.69984	Node12	0	199	LastDelay	0.129844	129844	1	3
2.69984	Node12	0	199	FullDelay	2.60034	2.60034e+06	6	3
2.7084	Node12	0	221	LastDelay	0.129904	129904	1	3
2.7084	Node12	0	221	FullDelay	2.5979	2.5979e+06	6	3
2.71696	Node12	0	247	LastDelay	0.129964	129964	1	3
2.71696	Node12	0	247	FullDelay	2.59346	2.59346e+06	6	3
2.72553	Node12	0	269	LastDelay	0.130032	130032	1	3
2.72553	Node12	0	269	FullDelay	2.59103	2.59103e+06	6	3
2.7341	Node12	0	294	LastDelay	0.1296	129600	1	3
2.7341	Node12	0	294	FullDelay	2.5871	2.5871e+06	6	3
2.74267	Node12	0	317	LastDelay	0.129668	129668	1	3
2.74267	Node12	0	317	FullDelay	2.58417	2.58417e+06	6	3
2.75124	Node12	0	339	LastDelay	0.129736	129736	1	3
2.75124	Node12	0	339	FullDelay	2.58174	2.58174e+06	6	3
2.7598	Node12	0	364	LastDelay	0.129804	129804	1	3
2.7598	Node12	0	364	FullDelay	2.5778	2.5778e+06	6	3
2.76837	Node12	0	386	LastDelay	0.129872	129872	1	3
2.76837	Node12	0	386	FullDelay	2.57537	2.57537e+06	6	3
2.77694	Node12	0	408	LastDelay	0.12994	129940	1	3
2.77694	Node12	0	408	FullDelay	2.57294	2.57294e+06	5	3
2.78551	Node12	0	430	LastDelay	0.130008	130008	1	3
2.78551	Node12	0	430	FullDelay	2.57051	2.57051e+06	5	3
2.79408	Node12	0	451	LastDelay	0.130076	130076	1	3
2.79408	Node12	0	451	FullDelay	2.56858	2.56858e+06	5	3
2.80264	Node12	0	475	LastDelay	0.129644	129644	1	3
2.80264	Node12	0	475	FullDelay	2.56514	2.56514e+06	5	3
2.81121	Node12	0	496	LastDelay	0.129712	129712	1	3
2.81121	Node12	0	496	FullDelay	2.56321	2.56321e+06	5	3
2.81978	Node12	0	517	LastDelay	0.12978	129780	1	3
2.81978	Node12	0	517	FullDelay	2.47178	2.47178e+06	5	3
2.82835	Node12	0	537	LastDelay	0.129848	129848	1	3
2.82835	Node12	0	537	FullDelay	2.37635	2.37635e+06	5	3
2.83692	Node12	0	559	LastDelay	0.129916	129916	1	3
2.83692	Node12	0	559	FullDelay	2.37392	2.37392e+06	5	3
2.84548	Node12	0	581	LastDelay	0.129984	129984	1	3
2.84548	Node12	0	581	FullDelay	2.37148	2.37148e+06	5	3
2.85405	Node12	0	603	LastDelay	0.130052	130052	1	3
2.85405	Node12	0	603	FullDelay	2.36905	2.36905e+06	5	3
2.86262	Node12	0	625	LastDelay	0.13012	130120	1	3
2.86262	Node12	0	625	FullDelay	2.36662	2.36662e+06	5	3
2.87119	Node12	0	648	LastDelay	0.129688	129688	1	3
2.87119	Node12	0	648	FullDelay	2.36369	2.36369e+06	5	3
2.87976	Node12	0	669	LastDelay	0.129756	129756	1	3
2.87976	Node12	0	669	FullDelay	2.36176	2.36176e+06	5	3
2.88832	Node12	0	691	LastDelay	0.129824	129824	1	3
2.88832	Node12	0	691	FullDelay	2.35932	2.35932e+06	5	3
2.89689	Node12	0	713	LastDelay	0.129892	129892	1	3
2.89689	Node12	0	713	FullDelay	2.35689	2.35689e+06	5	3
2.90546	Node12	0	734	LastDelay	0.12996	129960	1	3
2.90546	Node12	0	734	FullDelay	2.35496	2.35496e+06	4	3
2.91403	Node12	0	754	LastDelay	0.130028	130028	1	3
2.91403	Node12	0	754	FullDelay	2.35353	2.35353e+06	4	3
2.9226	Node12	0	774	LastDelay	0.130096	130096	1	3
2.9226	Node12	0	774	FullDelay	2.3521	2.3521e+06	4	3
2.93116	Node12	0	796	LastDelay	0.129664	129664	1	3
2.93116	Node12	0	796	FullDelay	2.34966	2.34966e+06	4	3
2.93973	Node12	0	817	LastDelay	0.129732	129732	1	3
2.93973	Node12	0	817	FullDelay	2.34773	2.34773e+06	4	3
2.9483	Node12	0	837	LastDelay	0.1298	129800	1	3
2.9483	Node12	0	837	FullDelay	2.0168	2.0168e+06	4	3
2.95687	Node12	0	857	LastDelay	0.129868	129868	1	3
2.95687	Node12	0	857	FullDelay	2.01537	2.01537e+06	4	3
2.96544	Node12	0	878	LastDelay	0.129936	129936	1	3
2.96544	Node12	0	878	FullDelay	2.01344	2.01344e+06	4	3
2.974	Node12	0	898	LastDelay	0.130004	130004	1	3
2.974	Node12	0	898	FullDelay	2.012	2.012e+06	4	3
2.98257	Node12	0	918	LastDelay	0.130072	130072	1	3
2.98257	Node12	0	918	FullDelay	2.01057	2.01057e+06	4	3
2.99114	Node12	0	941	LastDelay	0.12964	129640	1	3
2.99114	Node12	0	941	FullDelay	2.00764	2.00764e+06	4	3
2.99971	Node12	0	962	LastDelay	0.129708	129708	1	3
2.99971	Node12	0	962	FullDelay	2.00571	2.00571e+06	4	3
3.00828	Node12	0	982	LastDelay	0.129776	129776	1	3
3.00828	Node12	0	982	FullDelay	2.00428	2.00428e+06	4	3
3.01684	Node12	0	1002	LastDelay	0.129844	129844	1	3
3.01684	Node12	0	1002	FullDelay	2.00284	2.00284e+06	4	3
3.02541	Node12	0	1022	LastDelay	0.129912	129912	1	3
3.02541	Node12	0	1022	FullDelay	2.00141	2.00141e+06	4	3
3.03398	Node12	0	1042	LastDelay	0.12998	129980	1	3
3.03398	Node12	0	1042	FullDelay	1.99998	1.99998e+06	4	3
3.04255	Node12	0	1062	LastDelay	0.130048	130048	1	3
3.04255	Node12	0	1062	FullDelay	1.99855	1.99855e+06	4	3
3.05112	Node12	0	1083	LastDelay	0.130116	130116	1	3
3.05112	Node12	0	1083	FullDelay	1.99662	1.99662e+06	3	3
3.05968	Node12	0	1103	LastDelay	0.129684	129684	1	3
3.05968	Node12	0	1103	FullDelay	1.99518	1.99518e+06	3	3
3.06825	Node12	0	1122	LastDelay	0.129752	129752	1	3
3.06825	Node12	0	1122	FullDelay	1.99425	1.99425e+06	3	3
3.07682	Node12	0	1141	LastDelay	0.12982	129820	1	3
3.07682	Node12	0	1141	FullDelay	1.99332	1.99332e+06	3	3
3.08539	Node12	0	1160	LastDelay	0.129888	129888	1	3
3.08539	Node12	0	1160	FullDelay	1.99239	1.99239e+06	3	3
3.09396	Node12	0	1179	LastDelay	0.129956	129956	1	3
3.09396	Node12	0	1179	FullDelay	1.52046	1.52046e+06	3	3
3.10252	Node12	0	1198	LastDelay	0.130024	130024	1	3
3.10252	Node12	0	1198	FullDelay	1.51952	1.51952e+06	3	3
3.11109	Node12	0	1217	LastDelay	0.130092	130092	1	3
3.11109	Node12	0	1217	FullDelay	1.51859	1.51859e+06	3	3
3.11966	Node12	0	1239	LastDelay	0.12966	129660	1	3
3.11966	Node12	0	1239	FullDelay	1.51616	1.51616e+06	3	3
3.12823	Node12	0	1258	LastDelay	0.129728	129728	1	3
3.12823	Node12	0	1258	FullDelay	1.51523	1.51523e+06	3	3
3.1368	Node12	0	1277	LastDelay	0.129796	129796	1	3
3.1368	Node12	0	1277	FullDelay	1.5143	1.5143e+06	3	3
3.14536	Node12	0	1296	LastDelay	0.129864	129864	1	3
3.14536	Node12	0	1296	FullDelay	1.51336	1.51336e+06	3	3
3.15393	Node12	0	1315	LastDelay	0.129932	129932	1	3
3.15393	Node12	0	1315	FullDelay	1.51243	1.51243e+06	3	3
3.1625	Node12	0	1334	LastDelay	0.13	130000	1	3
3.1625	Node12	0	1334	FullDelay	1.5115	1.5115e+06	3	3
3.17107	Node12	0	1353	LastDelay	0.130068	130068	1	3
3.17107	Node12	0	1353	FullDelay	1.51057	1.51057e+06	3	3
3.17964	Node12	0	1374	LastDelay	0.129636	129636	1	3
3.17964	Node12	0	1374	FullDelay	1.50864	1.50864e+06	3	3
3.1882	Node12	0	1393	LastDelay	0.129704	129704	1	3
3.1882	Node12	0	1393	FullDelay	1.5077	1.5077e+06	3	3
3.19677	Node12	0	1412	LastDelay	0.129772	129772	1	3
3.19677	Node12	0	1412	FullDelay	1.50677	1.50677e+06	3	3
3.20534	Node12	0	1431	LastDelay	0.12984	129840	1	3
3.20534	Node12	0	1431	FullDelay	1.50584	1.50584e+06	3	3
3.21391	Node12	0	1449	LastDelay	0.129908	129908	1	3
3.21391	Node12	0	1449	FullDelay	1.50541	1.50541e+06	2	3
3.22248	Node12	0	1467	LastDelay	0.129976	129976	1	3
3.22248	Node12	0	1467	FullDelay	1.50498	1.50498e+06	2	3
3.23104	Node12	0	1485	LastDelay	0.130044	130044	1	3
3.23104	Node12	0	1485	FullDelay	1.50454	1.50454e+06	2	3
3.23961	Node12	0	1503	LastDelay	0.130112	130112	1	3
3.23961	Node12	0	1503	FullDelay	1.50411	1.50411e+06	2	3
3.24818	Node12	0	1522	LastDelay	0.12968	129680	1	3
3.24818	Node12	0	1522	FullDelay	1.50318	1.50318e+06	2	3
3.25675	Node12	0	1541	LastDelay	0.129748	129748	1	3
3.25675	Node12	0	1541	FullDelay	0.890248	890248	2	3
3.26532	Node12	0	1559	LastDelay	0.129816	129816	1	3
3.26532	Node12	0	1559	FullDelay	0.889816	889816	2	3
3.27388	Node12	0	1577	LastDelay	0.129884	129884	1	3
3.27388	Node12	0	1577	FullDelay	0.889384	889384	2	3
3.28245	Node12	0	1595	LastDelay	0.129952	129952	1	3
3.28245	Node12	0	1595	FullDelay	0.888952	888952	2	3
3.29102	Node12	0	1613	LastDelay	0.13002	130020	1	3
3.29102	Node12	0	1613	FullDelay	0.88852	888520	2	3
3.29959	Node12	0	1631	LastDelay	0.130088	130088	1	3
3.29959	Node12	0	1631	FullDelay	0.888088	888088	2	3
3.30816	Node12	0	1650	LastDelay	0.129656	129656	1	3
3.30816	Node12	0	1650	FullDelay	0.887156	887156	2	3
3.31672	Node12	0	1668	LastDelay	0.129724	129724	1	3
3.31672	Node12	0	1668	FullDelay	0.886724	886724	2	3
3.32529	Node12	0	1686	LastDelay	0.129792	129792	1	3
3.32529	Node12	0	1686	FullDelay	0.886292	886292	2	3
3.33386	Node12	0	1704	LastDelay	0.12986	129860	1	3
3.33386	Node12	0	1704	FullDelay	0.88586	885860	2	3
3.34243	Node12	0	1821	LastDelay	0.129928	129928	1	3
3.34243	Node12	0	1821	FullDelay	0.129928	129928	1	3
3.351	Node12	0	1838	LastDelay	0.129996	129996	1	3
3.351	Node12	0	1838	FullDelay	0.129996	129996	1	3
3.35956	Node12	0	1855	LastDelay	0.130064	130064	1	3
3.35956	Node12	0	1855	FullDelay	0.130064	130064	1	3
3.36813	Node12	0	1872	LastDelay	0.130132	130132	1	3
3.36813	Node12	0	1872	FullDelay	0.130132	130132	1	3
3.3767	Node12	0	1890	LastDelay	0.1297	129700	1	3
3.3767	Node12	0	1890	FullDelay	0.1297	129700	1	3
3.38527	Node12	0	1907	LastDelay	0.129768	129768	1	3
3.38527	Node12	0	1907	FullDelay	0.129768	129768	1	3
3.39384	Node12	0	1924	LastDelay	0.129836	129836	1	3
3.39384	Node12	0	1924	FullDelay	0.129836	129836	1	3
3.4024	Node12	0	1941	LastDelay	0.129904	129904	1	3
3.4024	Node12	0	1941	FullDelay	0.129904	129904	1	3
3.41097	Node12	0	1958	LastDelay	0.129972	129972	1	3
3.41097	Node12	0	1958	FullDelay	0.129972	129972	1	3
3.41954	Node12	0	1975	LastDelay	0.13004	130040	1	3
3.41954	Node12	0	1975	FullDelay	0.13004	130040	1	3
3.42811	Node12	0	1992	LastDelay	0.130108	130108	1	3
3.42811	Node12	0	1992	FullDelay	0.130108	130108	1	3
3.43668	Node12	0	2010	LastDelay	0.129676	129676	1	3
3.43668	Node12	0	2010	FullDelay	0.129676	129676	1	3
3.44524	Node12	0	2027	LastDelay	0.129744	129744	1	3
3.44524	Node12	0	2027	FullDelay	0.129744	129744	1	3
3.45381	Node12	0	2044	LastDelay	0.129812	129812	1	3
3.45381	Node12	0	2044	FullDelay	0.129812	129812	1	3
3.46238	Node12	0	2061	LastDelay	0.12988	129880	1	3
3.46238	Node12	0	2061	FullDelay	0.12988	129880	1	3
3.47095	Node12	0	2078	LastDelay	0.129948	129948	1	3
3.47095	Node12	0	2078	FullDelay	0.129948	129948	1	3
3.47952	Node12	0	2095	LastDelay	0.130016	130016	1	3
3.47952	Node12	0	2095	FullDelay	0.130016	130016	1	3
3.48808	Node12	0	33	LastDelay	0.130076	130076	1	3
3.48808	Node12	0	33	FullDelay	3.47158	3.47158e+06	7	3
3.49664	Node12	0	58	LastDelay	0.129636	129636	1	3
3.49664	Node12	0	58	FullDelay	3.46764	3.46764e+06	7	3
3.5052	Node12	0	83	LastDelay	0.129696	129696	1	3
3.5052	Node12	0	83	FullDelay	3.4637	3.4637e+06	7	3
3.51376	Node12	0	110	LastDelay	0.129756	129756	1	3
3.51376	Node12	0	110	FullDelay	3.45876	3.45876e+06	7	3
3.52232	Node12	0	133	LastDelay	0.129816	129816	1	3
3.52232	Node12	0	133	FullDelay	3.45582	3.45582e+06	7	3
3.53088	Node12	0	159	LastDelay	0.129876	129876	1	3
3.53088	Node12	0	159	FullDelay	3.45138	3.45138e+06	7	3
3.53944	Node12	0	182	LastDelay	0.129936	129936	1	3
3.53944	Node12	0	182	FullDelay	3.44844	3.44844e+06	7	3
3.548	Node12	0	208	LastDelay	0.129996	129996	1	3
3.548	Node12	0	208	FullDelay	3.444	3.444e+06	7	3
3.55656	Node12	0	233	LastDelay	0.129556	129556	1	3
3.55656	Node12	0	233	FullDelay	3.44006	3.44006e+06	7	3
3.56512	Node12	0	256	LastDelay	0.129624	129624	1	3
3.56512	Node12	0	256	FullDelay	3.43712	3.43712e+06	7	3
3.57369	Node12	0	281	LastDelay	0.129692	129692	1	3
3.57369	Node12	0	281	FullDelay	3.43319	3.43319e+06	7	3
3.58226	Node12	0	305	LastDelay	0.12976	129760	1	3
3.58226	Node12	0	305	FullDelay	3.42976	3.42976e+06	7	3
3.59083	Node12	0	330	LastDelay	0.129828	129828	1	3
3.59083	Node12	0	330	FullDelay	3.42583	3.42583e+06	7	3
3.5994	Node12	0	355	LastDelay	0.129896	129896	1	3
3.5994	Node12	0	355	FullDelay	3.4219	3.4219e+06	7	3
3.60796	Node12	0	381	LastDelay	0.129964	129964	1	3
3.60796	Node12	0	381	FullDelay	3.41746	3.41746e+06	7	3
3.61653	Node12	0	404	LastDelay	0.130032	130032	1	3
3.61653	Node12	0	404	FullDelay	3.41453	3.41453e+06	6	3
3.6251	Node12	0	426	LastDelay	0.1301	130100	1	3
3.6251	Node12	0	426	FullDelay	3.4121	3.4121e+06	6	3
3.63367	Node12	0	450	LastDelay	0.129668	129668	1	3
3.63367	Node12	0	450	FullDelay	3.40867	3.40867e+06	6	3
3.64224	Node12	0	474	LastDelay	0.129736	129736	1	3
3.64224	Node12	0	474	FullDelay	3.40524	3.40524e+06	6	3
3.6508	Node12	0	498	LastDelay	0.129804	129804	1	3
3.6508	Node12	0	498	FullDelay	3.4018	3.4018e+06	6	3
3.65937	Node12	0	519	LastDelay	0.129872	129872	1	3
3.65937	Node12	0	519	FullDelay	3.31037	3.31037e+06	6	3
3.66794	Node12	0	542	LastDelay	0.12994	129940	1	3
3.66794	Node12	0	542	FullDelay	3.21344	3.21344e+06	6	3
3.67651	Node12	0	565	LastDelay	0.130008	130008	1	3
3.67651	Node12	0	565	FullDelay	3.21051	3.21051e+06	6	3
3.68508	Node12	0	588	LastDelay	0.130076	130076	1	3
3.68508	Node12	0	588	FullDelay	3.20758	3.20758e+06	6	3
3.69364	Node12	0	612	LastDelay	0.129644	129644	1	3
3.69364	Node12	0	612	FullDelay	3.20414	3.20414e+06	6	3
3.70221	Node12	0	635	LastDelay	0.129712	129712	1	3
3.70221	Node12	0	635	FullDelay	3.20121	3.20121e+06	6	3
3.71078	Node12	0	657	LastDelay	0.12978	129780	1	3
3.71078	Node12	0	657	FullDelay	3.19878	3.19878e+06	6	3
3.71935	Node12	0	680	LastDelay	0.129848	129848	1	3
3.71935	Node12	0	680	FullDelay	3.19585	3.19585e+06	6	3
3.72792	Node12	0	703	LastDelay	0.129916	129916	1	3
3.72792	Node12	0	703	FullDelay	3.19292	3.19292e+06	6	3
3.73648	Node12	0	727	LastDelay	0.129984	129984	1	3
3.73648	Node12	0	727	FullDelay	3.18948	3.18948e+06	6	3
3.74505	Node12	0	749	LastDelay	0.130052	130052	1	3
3.74505	Node12	0	749	FullDelay	3.18705	3.18705e+06	5	3
3.75362	Node12	0	770	LastDelay	0.13012	130120	1	3
3.75362	Node12	0	770	FullDelay	3.18512	3.18512e+06	5	3
3.76219	Node12	0	792	LastDelay	0.129688	129688	1	3
3.76219	Node12	0	792	FullDelay	3.18269	3.18269e+06	5	3
3.77076	Node12	0	814	LastDelay	0.129756	129756	1	3
3.77076	Node12	0	814	FullDelay	3.18026	3.18026e+06	5	3
3.77932	Node12	0	836	LastDelay	0.129824	129824	1	3
3.77932	Node12	0	836	FullDelay	2.84832	2.84832e+06	5	3
3.78789	Node12	0	858	LastDelay	0.129892	129892	1	3
3.78789	Node12	0	858	FullDelay	2.84589	2.84589e+06	5	3
3.79646	Node12	0	880	LastDelay	0.12996	129960	1	3
3.79646	Node12	0	880	FullDelay	2.84346	2.84346e+06	5	3
3.80503	Node12	0	902	LastDelay	0.130028	130028	1	3
3.80503	Node12	0	902	FullDelay	2.84103	2.84103e+06	5	3
3.8136	Node12	0	924	LastDelay	0.130096	130096	1	3
3.8136	Node12	0	924	FullDelay	2.8386	2.8386e+06	5	3
3.82216	Node12	0	947	LastDelay	0.129664	129664	1	3
3.82216	Node12	0	947	FullDelay	2.83566	2.83566e+06	5	3
3.83073	Node12	0	968	LastDelay	0.129732	129732	1	3
3.83073	Node12	0	968	FullDelay	2.83373	2.83373e+06	5	3
3.8393	Node12	0	989	LastDelay	0.1298	129800	1	3
3.8393	Node12	0	989	FullDelay	2.8318	2.8318e+06	5	3
3.84787	Node12	0	1010	LastDelay	0.129868	129868	1	3
3.84787	Node12	0	1010	FullDelay	2.82987	2.82987e+06	5	3
3.85644	Node12	0	1033	LastDelay	0.129936	129936	1	3
3.85644	Node12	0	1033	FullDelay	2.82694	2.82694e+06	5	3
3.865	Node12	0	1054	LastDelay	0.130004	130004	1	3
3.865	Node12	0	1054	FullDelay	2.825	2.825e+06	5	3
3.87357	Node12	0	1076	LastDelay	0.130072	130072	1	3
3.87357	Node12	0	1076	FullDelay	2.82257	2.82257e+06	4	3
3.88214	Node12	0	1097	LastDelay	0.12964	129640	1	3
3.88214	Node12	0	1097	FullDelay	2.82064	2.82064e+06	4	3
3.89071	Node12	0	1118	LastDelay	0.129708	129708	1	3
3.89071	Node12	0	1118	FullDelay	2.81871	2.81871e+06	4	3
3.89928	Node12	0	1138	LastDelay	0.129776	129776	1	3
3.89928	Node12	0	1138	FullDelay	2.81728	2.81728e+06	4	3
3.90784	Node12	0	1158	LastDelay	0.129844	129844	1	3
3.90784	Node12	0	1158	FullDelay	2.81584	2.81584e+06	4	3
3.91641	Node12	0	1178	LastDelay	0.129912	129912	1	3
3.91641	Node12	0	1178	FullDelay	2.34341	2.34341e+06	4	3
3.92498	Node12	0	1199	LastDelay	0.12998	129980	1	3
3.92498	Node12	0	1199	FullDelay	2.34148	2.34148e+06	4	3
3.93355	Node12	0	1221	LastDelay	0.130048	130048	1	3
3.93355	Node12	0	1221	FullDelay	2.33905	2.33905e+06	4	3
3.94212	Node12	0	1241	LastDelay	0.130116	130116	1	3
3.94212	Node12	0	1241	FullDelay	2.33762	2.33762e+06	4	3
3.95068	Node12	0	1262	LastDelay	0.129684	129684	1	3
3.95068	Node12	0	1262	FullDelay	2.33568	2.33568e+06	4	3
3.95925	Node12	0	1282	LastDelay	0.129752	129752	1	3
3.95925	Node12	0	1282	FullDelay	2.33425	2.33425e+06	4	3
3.96782	Node12	0	1302	LastDelay	0.12982	129820	1	3
3.96782	Node12	0	1302	FullDelay	2.33282	2.33282e+06	4	3
3.97639	Node12	0	1323	LastDelay	0.129888	129888	1	3
3.97639	Node12	0	1323	FullDelay	2.33089	2.33089e+06	4	3
3.98496	Node12	0	1343	LastDelay	0.129956	129956	1	3
3.98496	Node12	0	1343	FullDelay	2.32946	2.32946e+06	4	3
3.99352	Node12	0	1363	LastDelay	0.130024	130024	1	3
3.99352	Node12	0	1363	FullDelay	2.32802	2.32802e+06	4	3
4.00209	Node12	0	1384	LastDelay	0.130092	130092	1	3
4.00209	Node12	0	1384	FullDelay	2.32609	2.32609e+06	4	3
4.01066	Node12	0	1405	LastDelay	0.12966	129660	1	3
4.01066	Node12	0	1405	FullDelay	2.32416	2.32416e+06	4	3
4.01923	Node12	0	1426	LastDelay	0.129728	129728	1	3
4.01923	Node12	0	1426	FullDelay	2.32223	2.32223e+06	4	3
4.0278	Node12	0	1445	LastDelay	0.129796	129796	1	3
4.0278	Node12	0	1445	FullDelay	2.3213	2.3213e+06	3	3
4.03636	Node12	0	1464	LastDelay	0.129864	129864	1	3
4.03636	Node12	0	1464	FullDelay	2.32036	2.32036e+06	3	3
4.04493	Node12	0	1483	LastDelay	0.129932	129932	1	3
4.04493	Node12	0	1483	FullDelay	2.31943	2.31943e+06	3	3
4.0535	Node12	0	1502	LastDelay	0.13	130000	1	3
4.0535	Node12	0	1502	FullDelay	2.3185	2.3185e+06	3	3
4.06207	Node12	0	1521	LastDelay	0.130068	130068	1	3
4.06207	Node12	0	1521	FullDelay	2.31757	2.31757e+06	3	3
4.07064	Node12	0	1543	LastDelay	0.129636	129636	1	3
4.07064	Node12	0	1543	FullDelay	1.70314	1.70314e+06	3	3
4.0792	Node12	0	1562	LastDelay	0.129704	129704	1	3
4.0792	Node12	0	1562	FullDelay	1.7022	1.7022e+06	3	3
4.08777	Node12	0	1581	LastDelay	0.129772	129772	1	3
4.08777	Node12	0	1581	FullDelay	1.70127	1.70127e+06	3	3
4.09634	Node12	0	1600	LastDelay	0.12984	129840	1	3
4.09634	Node12	0	1600	FullDelay	1.70034	1.70034e+06	3	3
4.10491	Node12	0	1619	LastDelay	0.129908	129908	1	3
4.10491	Node12	0	1619	FullDelay	1.69941	1.69941e+06	3	3
4.11348	Node12	0	1638	LastDelay	0.129976	129976	1	3
4.11348	Node12	0	1638	FullDelay	1.69848	1.69848e+06	3	3
4.12204	Node12	0	1658	LastDelay	0.130044	130044	1	3
4.12204	Node12	0	1658	FullDelay	1.69704	1.69704e+06	3	3
4.13061	Node12	0	1677	LastDelay	0.130112	130112	1	3
4.13061	Node12	0	1677	FullDelay	1.69611	1.69611e+06	3	3
4.13918	Node12	0	1697	LastDelay	0.12968	129680	1	3
4.13918	Node12	0	1697	FullDelay	1.69468	1.69468e+06	3	3
4.14775	Node12	0	1716	LastDelay	0.129748	129748	1	3
4.14775	Node12	0	1716	FullDelay	1.69375	1.69375e+06	2	3
4.15632	Node12	0	1734	LastDelay	0.129816	129816	1	3
4.15632	Node12	0	1734	FullDelay	1.69332	1.69332e+06	2	3
4.16488	Node12	0	1752	LastDelay	0.129884	129884	1	3
4.16488	Node12	0	1752	FullDelay	1.69288	1.69288e+06	2	3
4.17345	Node12	0	1770	LastDelay	0.129952	129952	1	3
4.17345	Node12	0	1770	FullDelay	1.69245	1.69245e+06	2	3
4.18202	Node12	0	1788	LastDelay	0.13002	130020	1	3
4.18202	Node12	0	1788	FullDelay	1.69202	1.69202e+06	2	3
4.19059	Node12	0	1806	LastDelay	0.130088	130088	1	3
4.19059	Node12	0	1806	FullDelay	1.69159	1.69159e+06	2	3
4.19916	Node12	0	1825	LastDelay	0.129656	129656	1	3
4.19916	Node12	0	1825	FullDelay	0.984656	984656	2	3
4.20772	Node12	0	1843	LastDelay	0.129724	129724	1	3
4.20772	Node12	0	1843	FullDelay	0.984224	984224	2	3
4.21629	Node12	0	1861	LastDelay	0.129792	129792	1	3
4.21629	Node12	0	1861	FullDelay	0.983792	983792	2	3
4.22486	Node12	0	1879	LastDelay	0.12986	129860	1	3
4.22486	Node12	0	1879	FullDelay	0.98336	983360	2	3
4.23343	Node12	0	1897	LastDelay	0.129928	129928	1	3
4.23343	Node12	0	1897	FullDelay	0.982928	982928	2	3
4.242	Node12	0	1915	LastDelay	0.129996	129996	1	3
4.242	Node12	0	1915	FullDelay	0.982496	982496	2	3
4.25056	Node12	0	1933	LastDelay	0.130064	130064	1	3
4.25056	Node12	0	1933	FullDelay	0.982064	982064	2	3
4.25913	Node12	0	1951	LastDelay	0.130132	130132	1	3
4.25913	Node12	0	1951	FullDelay	0.981632	981632	2	3
4.2677	Node12	0	1970	LastDelay	0.1297	129700	1	3
4.2677	Node12	0	1970	FullDelay	0.9807	980700	2	3
4.27627	Node12	0	1988	LastDelay	0.129768	129768	1	3
4.27627	Node12	0	1988	FullDelay	0.980268	980268	2	3
4.28484	Node12	0	2105	LastDelay	0.129836	129836	1	3
4.28484	Node12	0	2105	FullDelay	0.129836	129836	1	3
4.2934	Node12	0	2122	LastDelay	0.129904	129904	1	3
4.2934	Node12	0	2122	FullDelay	0.129904	129904	1	3
4.30197	Node12	0	2139	LastDelay	0.129972	129972	1	3
4.30197	Node12	0	2139	FullDelay	0.129972	129972	1	3
4.31054	Node12	0	2156	LastDelay	0.13004	130040	1	3
4.31054	Node12	0	2156	FullDelay	0.13004	130040	1	3
4.31911	Node12	0	2173	LastDelay	0.130108	130108	1	3
4.31911	Node12	0	2173	FullDelay	0.130108	130108	1	3
4.32768	Node12	0	2191	LastDelay	0.129676	129676	1	3
4.32768	Node12	0	2191	FullDelay	0.129676	129676	1	3
4.33624	Node12	0	2208	LastDelay	0.129744	129744	1	3
4.33624	Node12	0	2208	FullDelay	0.129744	129744	1	3
4.34481	Node12	0	2225	LastDelay	0.129812	129812	1	3
4.34481	Node12	0	2225	FullDelay	0.129812	129812	1	3
4.35338	Node12	0	2242	LastDelay	0.12988	129880	1	3
4.35338	Node12	0	2242	FullDelay	0.12988	129880	1	3
4.36195	Node12	0	2259	LastDelay	0.129948	129948	1	3
4.36195	Node12	0	2259	FullDelay	0.129948	129948	1	3
4.37052	Node12	0	2276	LastDelay	0.130016	130016	1	3
4.37052	Node12	0	2276	FullDelay	0.130016	130016	1	3
4.37908	Node12	0	2293	LastDelay	0.130084	130084	1	3
4.37908	Node12	0	2293	FullDelay	0.130084	130084	1	3
4.38765	Node12	0	2311	LastDelay	0.129652	129652	1	3
4.38765	Node12	0	2311	FullDelay	0.129652	129652	1	3
4.39622	Node12	0	2328	LastDelay	0.12972	129720	1	3
4.39622	Node12	0	2328	FullDelay	0.12972	129720	1	3
4.40479	Node12	0	2345	LastDelay	0.129788	129788	1	3
4.40479	Node12	0	2345	FullDelay	0.129788	129788	1	3
4.41336	Node12	0	2362	LastDelay	0.129856	129856	1	3
4.41336	Node12	0	2362	FullDelay	0.129856	129856	1	3
4.42192	Node12	0	2379	LastDelay	0.129924	129924	1	3
4.42192	Node12	0	2379	FullDelay	0.129924	129924	1	3
4.43048	Node12	0	12	LastDelay	0.129984	129984	1	3
4.43048	Node12	0	12	FullDelay	4.42448	4.42448e+06	8	3
4.43904	Node12	0	38	LastDelay	0.130044	130044	1	3
4.43904	Node12	0	38	FullDelay	4.42004	4.42004e+06	8	3
4.4476	Node12	0	65	LastDelay	0.129604	129604	1	3
4.4476	Node12	0	65	FullDelay	4.4151	4.4151e+06	8	3
4.45616	Node12	0	91	LastDelay	0.129664	129664	1	3
4.45616	Node12	0	91	FullDelay	4.41066	4.41066e+06	8	3
4.46472	Node12	0	117	LastDelay	0.129724	129724	1	3
4.46472	Node12	0	117	FullDelay	4.40622	4.40622e+06	8	3
4.47328	Node12	0	143	LastDelay	0.129784	129784	1	3
4.47328	Node12	0	143	FullDelay	4.40178	4.40178e+06	8	3
4.48184	Node12	0	169	LastDelay	0.129844	129844	1	3
4.48184	Node12	0	169	FullDelay	4.39734	4.39734e+06	8	3
4.4904	Node12	0	195	LastDelay	0.129904	129904	1	3
4.4904	Node12	0	195	FullDelay	4.3929	4.3929e+06	8	3
4.49896	Node12	0	219	LastDelay	0.129964	129964	1	3
4.49896	Node12	0	219	FullDelay	4.38946	4.38946e+06	8	3
4.50752	Node12	0	248	LastDelay	0.130024	130024	1	3
4.50752	Node12	0	248	FullDelay	4.38352	4.38352e+06	8	3
4.51609	Node12	0	275	LastDelay	0.129592	129592	1	3
4.51609	Node12	0	275	FullDelay	4.37859	4.37859e+06	8	3
4.52466	Node12	0	300	LastDelay	0.12966	129660	1	3
4.52466	Node12	0	300	FullDelay	4.37466	4.37466e+06	8	3
4.53323	Node12	0	327	LastDelay	0.129728	129728	1	3
4.53323	Node12	0	327	FullDelay	4.36973	4.36973e+06	8	3
4.5418	Node12	0	351	LastDelay	0.129796	129796	1	3
4.5418	Node12	0	351	FullDelay	4.3663	4.3663e+06	8	3
4.55036	Node12	0	378	LastDelay	0.129864	129864	1	3
4.55036	Node12	0	378	FullDelay	4.36136	4.36136e+06	8	3
4.55893	Node12	0	405	LastDelay	0.129932	129932	1	3
4.55893	Node12	0	405	FullDelay	4.35643	4.35643e+06	7	3
4.5675	Node12	0	429	LastDelay	0.13	130000	1	3
4.5675	Node12	0	429	FullDelay	4.353	4.353e+06	7	3
4.57607	Node12	0	455	LastDelay	0.130068	130068	1	3
4.57607	Node12	0	455	FullDelay	4.34857	4.34857e+06	7	3
4.58464	Node12	0	479	LastDelay	0.129636	129636	1	3
4.58464	Node12	0	479	FullDelay	4.34514	4.34514e+06	7	3
4.5932	Node12	0	504	LastDelay	0.129704	129704	1	3
4.5932	Node12	0	504	FullDelay	4.2987	4.2987e+06	7	3
4.60177	Node12	0	527	LastDelay	0.129772	129772	1	3
4.60177	Node12	0	527	FullDelay	4.15477	4.15477e+06	7	3
4.61034	Node12	0	551	LastDelay	0.12984	129840	1	3
4.61034	Node12	0	551	FullDelay	4.15134	4.15134e+06	7	3
4.61891	Node12	0	574	LastDelay	0.129908	129908	1	3
4.61891	Node12	0	574	FullDelay	4.14841	4.14841e+06	7	3
4.62748	Node12	0	599	LastDelay	0.129976	129976	1	3
4.62748	Node12	0	599	FullDelay	4.14448	4.14448e+06	7	3
4.63604	Node12	0	623	LastDelay	0.130044	130044	1	3
4.63604	Node12	0	623	FullDelay	4.14104	4.14104e+06	7	3
4.64461	Node12	0	649	LastDelay	0.130112	130112	1	3
4.64461	Node12	0	649	FullDelay	4.13661	4.13661e+06	7	3
4.65318	Node12	0	674	LastDelay	0.12968	129680	1	3
4.65318	Node12	0	674	FullDelay	4.13268	4.13268e+06	7	3
4.66175	Node12	0	698	LastDelay	0.129748	129748	1	3
4.66175	Node12	0	698	FullDelay	4.12925	4.12925e+06	7	3
4.67032	Node12	0	722	LastDelay	0.129816	129816	1	3
4.67032	Node12	0	722	FullDelay	4.12582	4.12582e+06	7	3
4.67888	Node12	0	746	LastDelay	0.129884	129884	1	3
4.67888	Node12	0	746	FullDelay	4.12238	4.12238e+06	6	3
4.68745	Node12	0	769	LastDelay	0.129952	129952	1	3
4.68745	Node12	0	769	FullDelay	4.11945	4.11945e+06	6	3
4.69602	Node12	0	791	LastDelay	0.13002	130020	1	3
4.69602	Node12	0	791	FullDelay	4.11702	4.11702e+06	6	3
4.70459	Node12	0	816	LastDelay	0.130088	130088	1	3
4.70459	Node12	0	816	FullDelay	4.11309	4.11309e+06	6	3
4.71316	Node12	0	840	LastDelay	0.129656	129656	1	3
4.71316	Node12	0	840	FullDelay	3.78016	3.78016e+06	6	3
4.72172	Node12	0	864	LastDelay	0.129724	129724	1	3
4.72172	Node12	0	864	FullDelay	3.77672	3.77672e+06	6	3
4.73029	Node12	0	887	LastDelay	0.129792	129792	1	3
4.73029	Node12	0	887	FullDelay	3.77379	3.77379e+06	6	3
4.73886	Node12	0	909	LastDelay	0.12986	129860	1	3
4.73886	Node12	0	909	FullDelay	3.77136	3.77136e+06	6	3
4.74743	Node12	0	932	LastDelay	0.129928	129928	1	3
4.74743	Node12	0	932	FullDelay	3.76843	3.76843e+06	6	3
4.756	Node12	0	954	LastDelay	0.129996	129996	1	3
4.756	Node12	0	954